p,post1,post2,true_label,matched_rules,matched_behaviours,pred_zero_shot,pred_rule_based,category_counts,score_rules,score_zero,fold,rep,few_shot_pred,few_shot_score,zero_shot_pred,zero_shot_score
1,OMG we went to the movie theater and watched a new movie and had fun there was a cute boy a few rolls up from us and we was throwing popcorn at him to get his attention he met us outside after the movies and we talked and exchanged phone numbers and we've been talking ever since me and my friends enjoyed this night,I just want to shout out happy birthday to my amazing husband he always does everything for us and gets up and goes to work and works hard everyday to provide everything that we need I just want to say I'm so grateful for him and everything he has done for me and our children and I will continue to be grateful everyday,High,"IF a person describes enjoying specific social gatherings and expresses a desire to spend more time with others in a post, THEN extraversion is likely High because they show affection for social interactions.; IF a person shares experiences of having fun at social events and maintains an enthusiastic tone in their writing, THEN extraversion is likely High because it suggests a positive emotional connection to socializing.",we went to the movie theater and watched a new movie and had fun; we enjoyed this night,High,High,"{'Sociability': 1, 'Positive Emotions': 1}",1,1,0,1,High,1,High,1
6,today guys I have reunited with my childhood friends and I was so excited. it was an amazing experience which I totally recommend if you can do it as the feeling of meeting someone you used to play with when you talked to them is unforgettable. Also the fact that you used to be so close with them is shocking!,"Happy birthday dear. I am so happy to see you growing up bit by bit. I always see that amazing special smile once a year, unique from the others and that makes me overjoyed. I wish you the best of many days and years to come and I hope you find my gifts splendid aswell as everyone elses.",High,"IF a person reflects in detail on enjoyable experiences with friends suggesting they felt energized by the interactions, THEN extraversion is likely High because it points to an appreciation for social connectivity.; IF a person describes enjoying specific social gatherings and expresses a desire to spend more time with others in a post, THEN extraversion is likely High because they show affection for social interactions.; IF a person shares experiences of having fun at social events and maintains an enthusiastic tone in their writing, THEN extraversion is likely High because it suggests a positive emotional connection to socializing.",I have reunited with my childhood friends and I was so excited. it was an amazing experience.; the feeling of meeting someone you used to play with when you talked to them is unforgettable.; I was so excited. it was an amazing experience which I totally recommend.,High,High,"{'Sociability': 2, 'Positive Emotions': 1}",1,1,0,1,High,1,High,1
37,"After some years, I was finally able to spend some time with my old pal X from back home. It feels unreal to spend time with them after so many years spent apart and after so many things happened, whether it was moving abroad, new jobs or big family events. X you mean a lot and I cherish our friendship ","I still can't express how lucky I am to have you in my life, ever since I met you, you have been a integral part of my life and I can't express how much you mean to me and how much I love you. Happy birthday, I really mean that, wish you a happy birthday and may the years be kind to us",Moderate,"IF a person reflects in detail on enjoyable experiences with friends suggesting they felt energized by the interactions, THEN extraversion is likely High because it points to an appreciation for social connectivity.; IF a person uses language that is rigid and lacks enthusiasm in their social posts, THEN extraversion is likely Low because it indicates a less outgoing nature.; IF a person appears reserved or distant even in the company of close relations and reflects more than engages socially, THEN extraversion is likely Low because they lean towards introverted interactions.",It feels unreal to spend time with them after so many years spent apart.; I can't express how lucky I am to have you in my life.; I cherish our friendship.,Moderate,Low,{'Sociability': 3},0,1,0,1,Moderate,1,Moderate,1
46,"Such a crazy time with my bro from childhood. We got to this house party which was full of vibes. From the time we got there we knew it was going to be special. The decoration on the house was amazing. Massive shout out to whoever made the ribs, chicken wings and burgers - 10/10. Music was on point, dancing was on point too. We need to do this again.","Just want to send a special happy birthday to my wife - my best friend, my advisor, my partner in crime and in love. Your patience, kind heart, focus, intelligence and your resilience in the face of life's obstacles makes me so lucky to be called your husband. To witness and stand by the woman you've grown into is amazing. I look forward to celebrating many more birthdays with you. Happy birthday my love. ",Moderate,"IF a person describes enjoying specific social gatherings and expresses a desire to spend more time with others in a post, THEN extraversion is likely High because they show affection for social interactions.; IF a person shares experiences of having fun at social events and maintains an enthusiastic tone in their writing, THEN extraversion is likely High because it suggests a positive emotional connection to socializing.","We got to this house party which was full of vibes. From the time we got there we knew it was going to be special.; Massive shout out to whoever made the ribs, chicken wings and burgers - 10/10. Music was on point, dancing was on point too.",High,High,"{'Sociability': 1, 'Positive Emotions': 1}",0,0,0,1,High,0,High,0
14,"Times Like This??Life can be complicated, but my people make it all worth it. My loved ones are what keep me going. Whether we go for drinks, go out to eat, or are just kicked back smoking and talking. I don't know where I would be without them. I'm so blessed to be able to call you guys my family. All glory to God.",HAPPY BIRTHDAY BABYGIRL????I am so proud of you for making it another year. Even when times are tough you always keep that spark. I love you so much. You really show me what real love is. I don't know where I'd be without you. Another year and forever to go for us baby. I love you so much and I'm so blessed to have you.,High,"IF a person reflects in detail on enjoyable experiences with friends suggesting they felt energized by the interactions, THEN extraversion is likely High because it points to an appreciation for social connectivity.; IF a person describes enjoying specific social gatherings and expresses a desire to spend more time with others in a post, THEN extraversion is likely High because they show affection for social interactions.; IF a person shares experiences of having fun at social events and maintains an enthusiastic tone in their writing, THEN extraversion is likely High because it suggests a positive emotional connection to socializing.","my people make it all worth it. My loved ones are what keep me going. Whether we go for drinks, go out to eat, or are just kicked back smoking and talking.; my loved ones are what keep me going. Whether we go for drinks, go out to eat, or are just kicked back smoking and talking.; I love you so much and I'm so blessed to have you.",High,High,"{'Sociability': 2, 'Positive Emotions': 1}",1,1,0,1,High,1,High,1
55,"Highschool reunion! Had such a blast hanging out with these lovely people. Thank you Annie for organising and getting us all back together for such a fun and frivolous evening. Good food, excellent drinks and brilliant company. Would definitely recommend the venue we were hanging out in. And the theme was so much fun! I think we looked amazing in our fancy dress.","Congrats Jamie for surviving another year! It's definitely been a wild one between miving in, new job and adopting our first fur baby. I feel very lucky to be able to celebrate this birthday with you. Here we are enjoying dinner at the Sky Garden, picture taken by our lovely server for the evening. Can't wait to make more memories like this with you.",Moderate,"IF a person reflects in detail on enjoyable experiences with friends suggesting they felt energized by the interactions, THEN extraversion is likely High because it points to an appreciation for social connectivity.; IF a person describes enjoying specific social gatherings and expresses a desire to spend more time with others in a post, THEN extraversion is likely High because they show affection for social interactions.; IF a person shares experiences of having fun at social events and maintains an enthusiastic tone in their writing, THEN extraversion is likely High because it suggests a positive emotional connection to socializing.; IF a person expresses enjoyment of dancing, partying, and being in busy social settings, THEN extraversion is likely High because they demonstrate an affinity for lively interactions.; IF a person reflects in detail on enjoyable experiences with friends suggesting they felt energized by the interactions, THEN extraversion is likely High because it points to an appreciation for social connectivity.",Had such a blast hanging out with these lovely people.; Thank you Annie for organising and getting us all back together for such a fun and frivolous evening.; And the theme was so much fun!; I think we looked amazing in our fancy dress.; I feel very lucky to be able to celebrate this birthday with you.,High,High,"{'Sociability': 3, 'Positive Emotions': 1, 'Energy/Activity': 1}",0,0,0,1,High,0,High,0
34,"just been to a reunion with my childhood friends and it was a great night and i would like to thank them all for great night.
 it brought back some good memorys and good times. at least this time we got drunk legally and didn't have to run off when we got caught.
i think we  should all do it again in the very near future. ","i would like to wish my better half a very happy birthday and i hope you have a very good day. you are the best thing that ever happened to me and i would be lost with out you.
 i've got a few special things planned for us to do for your birthday and i hope you will enjoy yourself.
",Moderate,"IF a person reflects in detail on enjoyable experiences with friends suggesting they felt energized by the interactions, THEN extraversion is likely High because it points to an appreciation for social connectivity.; IF a person describes enjoying specific social gatherings and expresses a desire to spend more time with others in a post, THEN extraversion is likely High because they show affection for social interactions.",just been to a reunion with my childhood friends and it was a great night; i think we should all do it again in the very near future.,Moderate,Moderate,{'Sociability': 2},1,1,0,1,Moderate,1,Moderate,1
49,"Saw one of my very good friends today! It was quite nostalgic; all those laughter and stories we never get to tell anyone else. He began kidding around and it was like, no time had elapsed and we were back in our childhood or teenage years telling stories of the places we used to hang around. One thing I’ve always grown to appreciate is the ability of friends to know you when you were still young and still support you to date. Thank you to people like this and for creating so many more wonderful memories! Cheers to the uncovered moments.  #Tbt #blessedfriends ","It is another great day for the love of my life, Happy Birthday to you! Today i celebrate you. You always bring so much joy and happiness in to my life, not to mention the patient and constant support. Thanks for every day, all the fun we have, the trips we take, the moments that matters to each of us. Happy anniversary to us yet again, Cheers to many more impressive years together by our side. Happy birthday to you and lots of happiness that you will be showered with today! #BirthdayWishes #BirthdayBoy ",Moderate,"IF a person reflects in detail on enjoyable experiences with friends suggesting they felt energized by the interactions, THEN extraversion is likely High because it points to an appreciation for social connectivity.; IF a person describes enjoying specific social gatherings and expresses a desire to spend more time with others in a post, THEN extraversion is likely High because they show affection for social interactions.; IF a person shares experiences of having fun at social events and maintains an enthusiastic tone in their writing, THEN extraversion is likely High because it suggests a positive emotional connection to socializing.; IF a person expresses enjoyment of dancing, partying, and being in busy social settings, THEN extraversion is likely High because they demonstrate an affinity for lively interactions.","It was quite nostalgic; all those laughter and stories we never get to tell anyone else.; Thank you to people like this and for creating so many more wonderful memories!; You always bring so much joy and happiness in to my life, not to mention the patient and constant support.; Thanks for every day, all the fun we have, the trips we take, the moments that matters to each of us.",High,High,"{'Sociability': 2, 'Positive Emotions': 1, 'Energy/Activity': 1}",0,0,0,1,High,0,High,0
13,I hung out with my best friend when I was a teenager.   We were in San Diego in a rented condo.  We drank and danced to 80s music!  I kicked her butt in air hockey and we went to the zoo.  Shout out to Dassi.  I love you! Cant wait to do it again!  Let's go whale watching next time.,"Happy Birthday my Kub.  I love you so much and am praying that God blesses you with peace and happiness this year.  I know God is good, he brought me to you.   You are the best thing that has ever happened to me.  I pray for many more years together.  Love your Kewgar.  Happy Birthday my rub.",Moderate,"IF a person reflects in detail on enjoyable experiences with friends suggesting they felt energized by the interactions, THEN extraversion is likely High because it points to an appreciation for social connectivity.; IF a person describes enjoying specific social gatherings and expresses a desire to spend more time with others in a post, THEN extraversion is likely High because they show affection for social interactions.; IF a person shares experiences of having fun at social events and maintains an enthusiastic tone in their writing, THEN extraversion is likely High because it suggests a positive emotional connection to socializing.",I hung out with my best friend when I was a teenager. We drank and danced to 80s music!; Cant wait to do it again! Let's go whale watching next time.; We drank and danced to 80s music!,High,High,"{'Sociability': 2, 'Positive Emotions': 1}",0,0,0,1,High,0,High,0
58,Was so great to see my childhood friends at the catch up recently.  So many old faces and memories.  It's so weird how everything has changed but also stayed the same at the same time.  Lucky to still have such a great group and a toast to those that couldn't be with us. Missed and not forgotten. xo ,Well another year older but no wiser just about sums it up!  Happiest of birthdays to my partner in crime! Expanding the birthday out over a whole weekend with drinks and dinner on our weekend getaway. Let's drink great wine and eat all the cake! London here we come. We love you xxx,Low,"IF a person reflects in detail on enjoyable experiences with friends suggesting they felt energized by the interactions, THEN extraversion is likely High because it points to an appreciation for social connectivity.; IF a person describes enjoying specific social gatherings and expresses a desire to spend more time with others in a post, THEN extraversion is likely High because they show affection for social interactions.; IF a person shares experiences of having fun at social events and maintains an enthusiastic tone in their writing, THEN extraversion is likely High because it suggests a positive emotional connection to socializing.","""Was so great to see my childhood friends at the catch up recently.""; ""Expanding the birthday out over a whole weekend with drinks and dinner on our weekend getaway.""; ""Let's drink great wine and eat all the cake!""",High,High,"{'Sociability': 2, 'Positive Emotions': 1}",0,0,0,1,High,0,High,0
44,"How time surely flies meeting up with my old class for 08” has brought back so many good memories and some much nostalgia but glad today we are here together again and making more new memories. Growing up we always talked about this moment and how memorable it would be to be able to actually do after 10 years feels so surreal, am glad we meet so many years ago wouldn’t ask for more # when friends become family ????",when we meet online a few ago i never would imagined we would be celebrating your 34th  birthday together in this moment. I wish you many more birthdays ahead and wanted to let you know you are truly loved and appreciated everyday you bring love and warmth into our lives i could not ask for more. Many this birthday be everything you wish for and more and hope you age gracefully and we will celebrate many more birthdays together ??????????,Low,IF a person shows in a post enjoyment of social activities and describes past celebrations with enthusiasm and positivity THEN extraversion is likely High because it reflects active engagement in social environments.; IF a person shows in a post a high degree of enthusiasm and excitement about social events and gatherings THEN extraversion is likely High because it indicates a strong preference for social interaction and engagement.,How time surely flies meeting up with my old class for 08” has brought back so many good memories and some much nostalgia.; I wish you many more birthdays ahead and wanted to let you know you are truly loved and appreciated.,Moderate,High,{'Sociability': 2},0,0,1,1,Moderate,0,Moderate,0
20,"Wow. Having a great time catching up with old childhood friends after over 50 years! We haven't changed a bit ????.  Other than having several marriages, 18 children and 7 grandchildren between us. Life has definitely been a journey and pretty good to all of us ??. Lets not leave it another 50 years to catch up ??",Happy Birthday to this amazing man who I'm so proud to call my husband and father of my chidren. Hope you have an absolutely brilliant day and so glad i get to share it with you. You're definitely like a fine wine and get better and better with each passing year. All my love forever and always ?,High,IF a person shows in a post enjoyment of social activities and describes past celebrations with enthusiasm and positivity THEN extraversion is likely High because it reflects active engagement in social environments.; IF a person shows in a post a high degree of enthusiasm and excitement about social events and gatherings THEN extraversion is likely High because it indicates a strong preference for social interaction and engagement.,Having a great time catching up with old childhood friends after over 50 years!; Hope you have an absolutely brilliant day and so glad I get to share it with you.,High,High,{'Sociability': 2},1,1,1,1,High,1,High,1
35,Had a great catchup with my old friends today. It had been too long since we had last spoke with each other. Met up at a local pub and had some nice drinks and a great dinner. There was a show on across the road and we jumped over there after a few beers. Thanks for organising it guys and let's not wait too long for the next one! ,"Happy birthday, babe! Where has the year gone? It felt like only last month we were talking about our plans for the year and now nearly a whole other year has gone by. Don't feel too worked up about your age because I know it gets to you, sometimes. We'll go out and enjoy ourselves and treat it like an 18th to make you happy. Remember, it's better to be over the hill than buried under it.",High,IF a person shows in a post enjoyment of social activities and describes past celebrations with enthusiasm and positivity THEN extraversion is likely High because it reflects active engagement in social environments.; IF a person shows in a post a high degree of enthusiasm and excitement about social events and gatherings THEN extraversion is likely High because it indicates a strong preference for social interaction and engagement.,Had a great catchup with my old friends today.; Thanks for organising it guys and let's not wait too long for the next one!,High,High,{'Sociability': 2},1,1,1,1,Moderate,0,High,1
59,"Had an amazing evening, sharing a few cheeky drinks  with some interesting people from a long time ago. It was great catching up with people from the past , sharing memories from our younger years, and sharing with everyone where life has taken us. Hopefully we won`t leave it so long before we catch up again   ","Happy 60th birthday Phil , now you can finally be the grumpy OLD man you`ve always like for the last 30 years ha ha . 
Enjoy your day , I`ll book the hearing test and eye test for next week . The zimmer frame should be delivered over the few days ha ha , until then , sit back, relax and watch your gardening programmes ( nothing new there ha ha ) xx",High,IF a person shows in a post enjoyment of social activities and describes past celebrations with enthusiasm and positivity THEN extraversion is likely High because it reflects active engagement in social environments.; IF a person shows in a post a high degree of enthusiasm and excitement about social events and gatherings THEN extraversion is likely High because it indicates a strong preference for social interaction and engagement.,"Had an amazing evening, sharing a few cheeky drinks with some interesting people from a long time ago.; It was great catching up with people from the past, sharing memories from our younger years.",High,High,{'Sociability': 2},1,1,1,1,Moderate,0,High,1
26,"Loved loved loved seeing these guys today…the original OG’s from way back when I still had a fringe, wore double denim and was reading Shout magazine. Wah life goes by so fast.
I’m so lucky to have these guys still in my life today, we need to make these meet ups a more regular thing!","Happy Birthday to our one and only, our jam in the sandwich… have the best day. Me and the boys will be on our best behaviour today so get some rest and do something you enjoy. We love you along with everyone else who knows you. Wishing you the best of health wealth and happiness.",High,IF a person shows in a post enjoyment of social activities and describes past celebrations with enthusiasm and positivity THEN extraversion is likely High because it reflects active engagement in social environments.; IF a person shows in a post a high degree of enthusiasm and excitement about social events and gatherings THEN extraversion is likely High because it indicates a strong preference for social interaction and engagement.,"Loved loved loved seeing these guys today…the original OG’s from way back when I still had a fringe, wore double denim and was reading Shout magazine.; Happy Birthday to our one and only, our jam in the sandwich… have the best day.",High,High,{'Sociability': 2},1,1,1,1,High,1,High,1
57,"Tonight I discovered that if you hang out with a bunch of people who you were friends with in school but haven't seen for approximately.... 30 mumble years...., you will spend a LOT of the time feeling just as awkward as you did when you were a teenager, a LOT of the time comparing your current need for reading glasses and/or perimenopausal symptoms, and a LOT of the time feeling as though you've blocked out half your memories. ","40 today! Happy birthday to S. At what point do you think people will stop saying ""but you look about 12""? ?? Have a great day and I'll see you later for the birthday surprise. Just one question - how do you feel about abseiling/parachute jumping/crocodile wrestling? Asking for a friend, obviously.... ",Low,,,Moderate,Unknown,{},0,0,1,1,Unknown,0,Low,1
16,"went to a great birthday party today at the drummond park animal experience
centre with ash, jen, jodie jake, alex and all the rest of the crew.  loved watching the
monkeys antics.  the lion cubs were so cute.  alex ate too much cake and looked alittle
green jake punched him in the stomach to sicee if he could make him sick ..","wow!  another landmark birthday.  we are all so looking forward to your birthday
bash at Fisher's restaurant.  can't believe you've come this far despite all the
hoops you've had to jump through in the past few years,  what an achievement
well done you.  I know you said no presents but well suspect there may still be one or two surprises",Low,IF a person shows in a post enjoyment of social activities and describes past celebrations with enthusiasm and positivity THEN extraversion is likely High because it reflects active engagement in social environments.; IF a person shows in a post a high degree of enthusiasm and excitement about social events and gatherings THEN extraversion is likely High because it indicates a strong preference for social interaction and engagement.,"went to a great birthday party today at the drummond park animal experience centre with ash, jen, jodie jake, alex and all the rest of the crew.; we are all so looking forward to your birthday bash at Fisher's restaurant.",High,High,{'Sociability': 2},0,0,1,1,High,0,High,0
28,My oldest and dearest friends gathered at the weekend to celebrate 30 years since leaving school. Much laughing and getting over how much we had all aged. Looking back at our old school photos was hilarious. Some of us didn't even recognise ourselves. We had such a good time that we decided to make this an annual event ,The most important person in my life achieves a milestone birthday today. Congratulations on your 50th and may we share many more happy years together. Unfortunately it's all downhill from here. Buckle up for the coming mid life crisis and keep smiling. These can be the best years of life with the right attitude. Get writing that bucket list and let's see the world ticking them off.,Low,IF a person shows in a post enjoyment of social activities and describes past celebrations with enthusiasm and positivity THEN extraversion is likely High because it reflects active engagement in social environments.; IF a person shows in a post a high degree of enthusiasm and excitement about social events and gatherings THEN extraversion is likely High because it indicates a strong preference for social interaction and engagement.,Much laughing and getting over how much we had all aged.; We had such a good time that we decided to make this an annual event.,High,High,{'Sociability': 2},0,0,1,1,Moderate,0,High,0
10,"having a brill time at the reunion, saw lots of faces i've not seen in a longggggg time. we mustn't leave it so long next time. just waiting for the karaoke to begin so i can impress everyone with a bit of Enrique ! I hope everyone doesn't leave the room when I start singing otherwise i'll never dare pick up a microphone ever again.  Talking about old times at school was a blast....rekindled many good memories.","Happy Birthday to Khaleesy ! Hope you liked the flowers babe, I'll see you when I get home ....expect the princess treatment !!! love you  xxxxx

You always say that my messages on here are too short so i'm making an effort to write you a longgggggggggggggggggg one this time hahaha

happy birthday to you, happy birthday to you, happy birthday Khaleesy, Happy Birthday too youuuuuuuuuuuuuu....uuuuuuuu xxxxx",High,IF a person shows in a post enjoyment of social activities and describes past celebrations with enthusiasm and positivity THEN extraversion is likely High because it reflects active engagement in social environments.; IF a person shows in a post a high degree of enthusiasm and excitement about social events and gatherings THEN extraversion is likely High because it indicates a strong preference for social interaction and engagement.; IF a person shows in a post enjoyment of social activities and describes past celebrations with enthusiasm and positivity THEN extraversion is likely High because it reflects active engagement in social environments.,"having a brill time at the reunion, saw lots of faces i've not seen in a longgggggg time.; just waiting for the karaoke to begin so i can impress everyone with a bit of Enrique!; Talking about old times at school was a blast....rekindled many good memories.",High,High,{'Sociability': 3},1,1,1,1,High,1,High,1
31,Long awaited catch up with life long friends!  Why has it taken so long? It was so good to catch up with everybody.  It has been so great seeing how we have all changed and grown both physically and spiritually.  Let me know who is up for making this an annual event? Please let me know.  I am happy to organise it.  Feeling blessed.  Cheers everyone!,"Happy birthday to the best and most wonderful husband I could ever ask for xx  Thank you for everything you do. Thank you for being an awesome dad to our two children. Enjoy your day and look forward the birthday celebrations tonight.  Enjoy your gifts. 
 You  so deserve them.  Love as always.",High,IF a person shows in a post enjoyment of social activities and describes past celebrations with enthusiasm and positivity THEN extraversion is likely High because it reflects active engagement in social environments.; IF a person shows in a post a high degree of enthusiasm and excitement about social events and gatherings THEN extraversion is likely High because it indicates a strong preference for social interaction and engagement.,It was so good to catch up with everybody.; Look forward the birthday celebrations tonight.,High,High,{'Sociability': 2},1,1,1,1,Moderate,0,High,1
45,"I visited some of my childhood friends that I haven't seen in many years. We reminisced about all of the good times we experienced together and had a fun time for many hours down at the local bar. I talked with many friends who I had even forgot existed, but we sat down at remembered many moments we shared together.",Happy birthday to my significant other. They are such an amazing person and I am glad to have spent the last few years of my life with them. I am already looking forward to spending the future and hopefully the rest of my life with them. We have already spent so many good moments together.,Moderate,IF a person shows in a post enjoyment of recent social experiences THEN extraversion is likely High because they express positive feelings about social interactions.; IF a person shows in a post references to spending time with close friends regularly THEN extraversion is likely High because it reflects ongoing social interaction and connectivity.,We reminisced about all of the good times we experienced together and had a fun time for many hours down at the local bar.; I visited some of my childhood friends that I haven't seen in many years.,Moderate,High,"{'Positive Emotions': 1, 'Sociability': 1}",0,1,2,1,Moderate,1,Moderate,1
2,"Such a great night with this incredible bunch, but I'm feeling it this morning! Everyone needs those friends who know you so well, who'll see you through anything and everything. And no matter how old we get are still up for a good girls night out, even if it now takes us two days to recover! Night at Sixways is always the best, love this place, and Love you all ???? ","It's official, he's getting older! Happy birthday to my gorgeous husband, another year old and not any wiser! The kindest, funniest soul I will ever meet, and the most amazing dog Dad you could ever find. Looking forward to spoiling you rotten today - and maybe a few surprises this weekend! Happy birthday favourite human xoxo",High,IF a person shows in a post enjoyment of recent social experiences THEN extraversion is likely High because they express positive feelings about social interactions.; IF a person shows in a post references to spending time with close friends regularly THEN extraversion is likely High because it reflects ongoing social interaction and connectivity.; IF a person shows in a post enthusiasm about wanting to see friends again and make plans THEN extraversion is likely High because they actively seek social connections.,"Such a great night with this incredible bunch.; Everyone needs those friends who know you so well, who'll see you through anything and everything.; and no matter how old we get are still up for a good girls night out.",High,High,"{'Positive Emotions': 1, 'Sociability': 2}",1,1,2,1,Moderate,0,High,1
22,"It had been a long time coming, I met my childhood friends after nearly 10 years. We certainly had plenty of banter and catch up talk to go through. It is amazing how we have all gone down different routes yet have had similar childhood experiences. It was also interesting how our personality traits are still noticeable from all that time ago. ",Happy Birthday! Many happy returns and I hope you have a wonderful dream fulled day! Looking forward to going out to celebrate your Birthday. Hope you liked all your presents. I am sure it will be a day to remember with all the celebrations. Love you loads and wishing you all the best. ,Low,IF a person shows in a post enjoyment of recent social experiences THEN extraversion is likely High because they express positive feelings about social interactions.; IF a person shows in a post enthusiasm about wanting to see friends again and make plans THEN extraversion is likely High because they actively seek social connections.,It is amazing how we have all gone down different routes yet have had similar childhood experiences.; Looking forward to going out to celebrate your Birthday.,Moderate,High,"{'Positive Emotions': 1, 'Sociability': 1}",0,0,2,1,Moderate,0,High,0
3,"We spent the evening around my house, me and my 4 friends. We love spending time together and chilling out. Once they came here we spent the evening wining and dining. I must stay i think i out done myself with the cooking autumn soup with homemade bread for starters, steak and sides for main and sticky toffee pudding for dessert. Alongside we drank many bottes of wine and had many shots. Feeling it today haha!","Happy birthday, hope you have the best day ever XX I cherish all our memories together and enjoyed our 6 year relationship every day is a blessing spending it with you. Love you forever and always xx Your the most and gentle person ever and make me the happiest girl alive. The love you give me is the best",Moderate,IF a person shows in a post enjoyment of recent social experiences THEN extraversion is likely High because they express positive feelings about social interactions.; IF a person shows in a post references to spending time with close friends regularly THEN extraversion is likely High because it reflects ongoing social interaction and connectivity.; IF a person shows in a post enthusiasm about wanting to see friends again and make plans THEN extraversion is likely High because they actively seek social connections.,"We love spending time together and chilling out.; We spent the evening around my house, me and my 4 friends.; Once they came here we spent the evening wining and dining.",High,High,"{'Positive Emotions': 1, 'Sociability': 2}",0,0,2,1,Moderate,1,High,0
48,It feels so good to have the gang back together again! we had a lush dinner at Il Michelangelo and won a few games of bowling over at AllStars xoxo we loved reliving the same excitement from when we were young ~ that was 13 years ago! :O &lt;3 P.S. no one noticed that my heel was starting to break...,"my darling, my dearest. I couldn't imagine life without you and your dimpled smiles and cuddles. when life gets tough, you're there for me and me for you. I feel so blessed that we found each other and that we get to share this adventure of life together. You've hit a quarter of a century and here's to many more. I love you, happy birthday! &lt;3",Low,IF a person shows in a post enjoyment of recent social experiences THEN extraversion is likely High because they express positive feelings about social interactions.; IF a person shows in a post references to spending time with close friends regularly THEN extraversion is likely High because it reflects ongoing social interaction and connectivity.; IF a person shows in a post enthusiasm about wanting to see friends again and make plans THEN extraversion is likely High because they actively seek social connections.,It feels so good to have the gang back together again! we had a lush dinner at Il Michelangelo and won a few games of bowling over at AllStars.; It feels so good to have the gang back together again!; It feels so good to have the gang back together again!,High,High,"{'Positive Emotions': 1, 'Sociability': 2}",0,0,2,1,Moderate,0,High,0
40,had fun today! got to see my friends that i've grown up with. im grateful to go through life with them and to see them grow as people. every accomplishment i will be there for becauase i know they will be there for me. i am truly grateful to have such a strong group of people around me and to uplift me.,"happy birthday my love. i am so proud of you. you are my best friend, my ace, my rock. i love you more than every. you keep me on my feet and you never let my crown tip. even trhrough all the trials and tribulations. i am lucky to have someone like you in my corner. you never fail to make me happt",Moderate,IF a person shows in a post enjoyment of recent social experiences THEN extraversion is likely High because they express positive feelings about social interactions.; IF a person shows in a post references to spending time with close friends regularly THEN extraversion is likely High because it reflects ongoing social interaction and connectivity.; IF a person shows in a post enthusiasm about wanting to see friends again and make plans THEN extraversion is likely High because they actively seek social connections.,had fun today! got to see my friends that i've grown up with.; i am truly grateful to have such a strong group of people around me and to uplift me.; i know they will be there for me.,High,High,"{'Positive Emotions': 1, 'Sociability': 2}",0,0,2,1,Moderate,1,High,0
36,"I had the best time today, joining together with the girls I grew up with! We shared memories, laughed at our ridiculous behaviour (and outfits, though the less said about that, the better!). It was utterly joyful, and a real throwback to a much simpler time. Like therapy for the soul. I'm very excited to do it again very soon.","I've never made a secret of how proud I am of my husband. I'm his biggest cheerleader and No.1 fan! As he approaches his 40th birthday, I want to thank him for our last 20 years together and congratulate him on every single achievement in his life! His children, his dedication to helping others and his commitment to being the best person he can be. So proud of you, darling! Love you lots xx",High,IF a person shows in a post enjoyment of recent social experiences THEN extraversion is likely High because they express positive feelings about social interactions.; IF a person shows in a post enthusiasm about wanting to see friends again and make plans THEN extraversion is likely High because they actively seek social connections.,"I had the best time today, joining together with the girls I grew up with! We shared memories, laughed at our ridiculous behaviour... It was utterly joyful.; I'm very excited to do it again very soon.",High,High,"{'Positive Emotions': 1, 'Sociability': 1}",1,1,2,1,Moderate,0,High,1
24,"Had the best time ca tching up with my chilidhood friends last night! It’s amazing how, despite t he years, we fall riight back into those silly jokes and shared memories. From playing games in the backyard to reminis cing about our wild adventures, it was a great reminder of the b onds that shaped us","Happy Birtihday to the love of my life! i’m so grateful for every moment we share together. You bring so mucih joy and laughter into my world. I can’t wait to celebrate you today and make more amazinng memories! Here’s to another year of love, adventure, and all your dreams coming true. You deserve the best!",High,IF a person shows in a post enjoyment of recent social experiences THEN extraversion is likely High because they express positive feelings about social interactions.; IF a person shows in a post references to spending time with close friends regularly THEN extraversion is likely High because it reflects ongoing social interaction and connectivity.; IF a person shows in a post enthusiasm about wanting to see friends again and make plans THEN extraversion is likely High because they actively seek social connections.,Had the best time catching up with my childhood friends last night!; Had the best time catching up with my childhood friends last night!; I can’t wait to celebrate you today and make more amazing memories!,High,High,"{'Positive Emotions': 1, 'Sociability': 2}",1,1,2,1,High,1,High,1
50,"What a blast from the past it was last night!   50 years since we all left Morgan and went out into the big wide world.   It was amazing to see some of the old faces, some I barely recognised while with others we went straight back to third year French class!  Awesome to catch up with Brucie, Govie and Tich, but sobering to hear about those who are no longer with us.   Be grateful for every day.","Woo hoo!  Bill is 70!   How did I come to be married to such an old man???   Thank you for putting up with me for all these years and am looking forward to celebrating with you tonight.  Play your cards right - I might just have a wee surprise for you later on!  In the meantime enjoy your cake, it's your favourite!",Low,IF a person shows in a post enjoyment of recent social experiences THEN extraversion is likely High because they express positive feelings about social interactions.; IF a person shows in a post enthusiasm about wanting to see friends again and make plans THEN extraversion is likely High because they actively seek social connections.,What a blast from the past it was last night!; Thank you for putting up with me for all these years and am looking forward to celebrating with you tonight.,High,High,"{'Positive Emotions': 1, 'Sociability': 1}",0,0,2,1,Moderate,0,High,0
11,"Hey guys!!!
guess who we have here today???

My childhood friends came over. Oh my God, i have really missed them, i saw them last about 8 years ago but we've always been in communication. I'm so happy to see them and i can't wait to update you guys on the plans we have to catch up. 
Stay tuned!","Happy birthday to the love of my life. I can't imagine what my life could have been without you, you brought colors into my life. On this big day of yours, i wish you heavens choicest blessings and i pray all your hear desires are granted. I love you so much and i hope i make you happy as much as you make me",Low,IF a person shows in a post enjoyment of recent social experiences THEN extraversion is likely High because they express positive feelings about social interactions.; IF a person shows in a post references to spending time with close friends regularly THEN extraversion is likely High because it reflects ongoing social interaction and connectivity.; IF a person shows in a post enthusiasm about wanting to see friends again and make plans THEN extraversion is likely High because they actively seek social connections.,"I'm so happy to see them and i can't wait to update you guys on the plans we have to catch up.; My childhood friends came over. Oh my God, i have really missed them...; i can't wait to update you guys on the plans we have to catch up.",High,High,"{'Positive Emotions': 1, 'Sociability': 2}",0,0,2,1,Moderate,0,High,0
